9 0.157914 0.445062 0.0367656 0.0682917
9 0.0981484 0.439604 0.0392031 0.0495
0 0.90368 0.726896 0.0230469 0.088
0 0.203523 0.716594 0.0158281 0.0771458
0 0.137188 0.730198 0.0317188 0.100354
0 0.227945 0.718365 0.0242969 0.0801042
9 0.364094 0.629573 0.0176563 0.0237292
9 0.0475391 0.638865 0.00889063 0.0148125
9 0.04975 0.5885 0.00909375 0.0245
24 0.334562 0.730542 0.0176563 0.0407917
26 0.489055 0.764677 0.0195469 0.0286875
0 0.314289 0.730177 0.0322344 0.0828542
7 0.759375 0.682094 0.0387188 0.0290625
9 0.152258 0.386031 0.0234844 0.0305208
26 0.150109 0.730167 0.0091875 0.026
0 0.850312 0.726604 0.022 0.0829583
9 0.477383 0.558146 0.0110781 0.0295417
9 0.466867 0.557292 0.00998438 0.0254167
9 0.090375 0.62775 0.007625 0.00895833
26 0.33518 0.741677 0.0175156 0.0605208
26 0.743234 0.714958 0.00959375 0.00958333
